2.261919
1.675752
2.429125
3.673061
1.601540
527.430624
3.771848
2.570491
1.433050
2.311439
1.437156
1.435587
2.005461
0.724538
0.791961
1.371578
536.420621
2.075122
1.164908
0.917989
3.574837
1.607890
487.279533
418.006201
1.383227
1.885085
1.038594
2.136241
1.346953
1.558595
460.317921
4.291155
1.777485
1.085383
2.638287
540.984449
532.448836
516.708627
0.955200
1.963186
2.535556
1.939687
1.693751
1.551682
0.889719
1.273202
508.723425
2.947448
2.104113
546.578181
2.084786
1.491332
492.988148
2.388151
531.484213
2.777342
1.203393
1.545750
2.091869
436.688898
1.426498
484.174912
1.060737
1.016648
2.625830
604.246805
1.729028
2.873771
2.122098
1.318946
2.121857
3.699191
1.758835
3.745979
0.518953
2.637486
1.863944
1.553220
1.868099
536.518625
1.612534
2.117569
3.595576
1.400395
1.220986
1.411362
2.756588
2.089388
1.392815
2.279675
551.700618
2.826798
1.283947
1.532337
443.283267
589.428815
2.057429
2.023630
1.793181
533.279825
0.916660
409.591995
1.521480
1.224577
1.657627
2.165045
4.360441
1.942630
2.020282
1.727039
0.722661
1.766589
1.840481
5.726838
533.682351
2.062710
1.759761
1.029954
3.069218
2.551736
2.599304
1.164158
3.470256
552.669422
2.360316
5.034451
1.120377
1.368982
1.875075
1.410216
0.859910
1.847740
499.129498
2.237348
1.158652
507.567167
1.235631
398.756024
2.627060
1.000139
554.113743
522.685784
0.837136
1.951880
2.022509
2.588021
508.717448
0.958694
2.289035
2.058269
2.013558
2.106928
1.297377
1.996284
2.054469
1.276510
4.318600
2.237602
1.019005
476.934137
1.128799
2.594462
539.920324
1.213976
2.819771
2.173992
2.637683
4.382344
1.593063
1.252980
1.175138
1.216773
1.724874
469.124506
2.038632
2.644074
1.799875
3.554438
1.578629
6.465827
2.403987
1.193238
1.078646
481.093366
1.609649
2.506420
2.236973
1.728359
1.199094
0.874582
1.448676
2.680817
1.979233
0.993136
1.941348
565.491572
1.178283
1.923588
1.838724
1.042538
441.647006
521.557297
506.339860
2.942828
0.933132
1.148624
2.281580
2.280234
2.281593
11.040071
2.342580
3.058714
2.807312
2.433377
1.541334
2.560232
1.241733
1.599525
1.422334
1.859395
5.338664
0.740459
517.534768
0.835069
483.487191
2.992098
527.753903
1.075160
1.275936
535.203195
459.701632
1.981445
1.827781
1.314915
468.772878
2.413376
0.687246
1.953559
598.310167
2.675800
1.230233
1.694480
2.270776
2.692692
1.014685
1.527395
1.429351
1.313841
4.118718
2.165997
0.986056
541.904701
4.874615
2.913316
0.872715
1.423093
3.254504
1.280545
2.206102
2.579247
1.154551
564.580443
0.386920
512.390743
1.587669
0.992177
3.867835
0.910287
441.632312
1.902816
3.533911
0.907830
3.098851
1.797522
1.125165
2.225239
478.776725
1.347222
1.848822
1.491169
1.887397
2.445753
3.783991
0.996860
4.899726
0.711377
1.665083
507.707753
2.042778
472.194053
1.621355
1.417212
1.354146
2.672224
2.117471
1.289505
2.736088
2.068322
2.626247
2.408490
1.209218
1.372943
491.345043
2.386678
1.771279
1.890797
3.271078
1.352735
2.316399
1.625903
523.738893
516.916366
2.641868
2.627050
3.314340
531.256893
2.468762
1.544981
497.584391
444.872339
1.872725
2.369588
1.215388
4.806546
1.112214
1.008048
3.091464
2.600078
2.402230
2.407030
1.778535
536.676539
1.854071
1.299133
560.530544
1.668806
1.211218
1.536887
2.174147
1.370647
1.213094
2.007095
2.008309
1.407908
1.431991
613.331274
0.902604
0.920090
513.878217
1.617282
2.071850
3.591268
468.688318
528.500087
1.772857
1.114048
1.773279
1.560831
2.083442
454.772746
451.449252
3.689946
1.699271
2.162654
525.675605
1.480007
1.988603
1.799527
1.873326
1.241624
556.765069
2.263292
3.550426
2.814308
4.946584
1.244950
2.701056
1.950689
5.032899
1.221099
1.203107
1.347746
0.655923
1.395453
515.214250
1.920563
2.102263
400.696664
513.819029
1.362140
1.170208
2.256801
0.958796
4.249160
434.509901
1.433252
0.796382
3.390979
507.514734
426.182432
0.842315
1.347758
518.685201
1.828998
1.446249
404.967045
492.223621
1.672498
507.438432
2.280937
2.503597
474.124636
0.866658
487.841090
2.092907
1.256091
3.722181
505.377995
3.122558
1.846828
4.735243
4.099088
473.550927
2.830708
2.426473
3.414703
1.134015
2.473546
2.949261
434.535126
1.022885
469.114207
1.575091
2.510617
3.637366
1.852575
3.860906
0.932060
0.800059
1.742526
2.144702
1.761439
0.673650
1.715109
514.889737
2.454482
2.127078
1.147510
1.403311
1.084613
1.736666
2.808825
523.131572
446.166577
1.392488
1.230029
1.700660
1.096965
1.377186
1.015845
4.525254
446.854368
1.285360
1.979126
553.664761
465.239157
2.390962
2.558465
1.392328
1.362839
1.570896
0.603018
434.727054
3.411870
434.464113
1.590321
2.348859
2.072186
7.659750
3.035697
1.683962
1.139052
512.055972
469.550345
1.251434
0.913685
1.318041
1.073230
522.626065
532.448313
1.782130
3.599059
1.855442
1.190914
3.673224
2.307457
454.218707
1.635033
1.182878
0.930873
2.770655
4.408555
0.923965
2.333831
470.453103
1.421151
1.352210
1.189393
1.830330
505.245214
410.115672
1.746902
1.597917
1.165162
1.362225
2.555908
2.266414
1.127268
1.874793
2.551078
0.813004
2.312313
1.308086
2.342258
1.247356
0.762604
0.829241
1.829952
2.022356
1.166950
2.418710
0.816038
1.733878
1.009560
1.314768
1.829359
1.191404
1.491704
508.914450
1.362148
2.654723
1.049091
2.297553
3.534404
0.556559
1.227694
2.349431
1.625248
2.131653
1.344826
1.863542
429.059792
3.105619
2.017298
2.098142
1.472575
1.420828
1.458259
2.155251
1.466253
2.051271
4.768133
2.699531
458.232525
499.881200
1.475222
0.683044
1.111127
0.739227
1.515169
1.804486
3.949117
2.087589
1.612969
2.646851
0.629442
1.999456
2.574659
0.889692
3.070569
512.166776
1.470204
2.412080
5.228931
1.949330
2.011398
541.374113
1.197367
2.648014
1.193843
1.850363
1.427521
2.243049
2.094240
2.920309
1.405866
1.574742
1.126625
1.450198
2.137859
2.557838
444.594967
2.697595
457.294539
2.174664
4.341143
1.241167
0.993645
0.772087
3.626536
2.436799
1.742495
504.809089
1.051183
5.679718
1.901450
1.883725
2.520390
553.936458
1.988407
1.231423
2.235104
4.351878
3.377467
3.796828
544.279183
1.120870
1.685658
1.836568
2.999514
0.804196
3.684392
1.660196
1.462175
1.109020
0.818610
2.639067
1.851895
0.972605
0.970256
1.526469
427.870478
1.582411
0.879431
1.592796
1.572625
510.876861
1.743557
1.603977
2.485440
506.819852
3.045737
1.575476
1.060641
471.144353
515.913695
1.800664
1.768584
1.964321
1.670933
1.364228
1.381610
1.761390
1.383854
1.277418
1.881089
1.585864
548.233408
0.511355
2.995713
488.766752
0.671760
1.521500
1.500974
0.920070
1.238808
466.102557
4.093147
2.783118
3.261651
2.515520
1.049415
1.396267
522.300079
1.004275
2.505234
545.849245
1.498579
469.648507
2.206565
1.508419
3.093244
1.073476
2.392961
2.367288
1.545506
2.086805
0.990618
2.767842
1.639238
573.483008
2.936173
421.549677
0.919657
0.857490
2.381767
446.436658
4.098030
0.669056
3.986640
485.309912
1.708969
1.382877
2.160025
1.757333
3.012451
1.888031
1.920480
1.506535
1.741376
2.068813
0.797499
0.946219
2.541308
1.939226
1.639949
1.804499
2.108056
1.386251
1.238523
1.962244
1.126833
427.218625
0.800361
2.908765
2.236297
2.018832
2.845616
3.928719
2.888520
609.922639
0.977387
1.331656
1.811038
454.769070
468.824043
1.953847
1.252006
546.490591
0.920439
1.156569
0.944656
1.128164
2.942606
477.972567
6.203179
2.258293
494.079776
1.192562
477.227679
511.906604
1.894984
5.994905
1.709496
3.078585
498.875956
559.299651
4.129133
1.330305
4.211173
2.499033
1.371461
2.411654
542.958009
2.399611
0.852000
1.268823
1.591461
1.727050
2.398321
1.945498
0.951976
2.140787
2.386921
2.330329
2.980572
475.150042
2.222168
1.730535
0.816253
2.191352
1.973252
2.033715
0.978694
1.073479
453.187498
1.755740
2.468235
1.812945
1.814176
2.786545
1.401868
1.871951
1.437931
1.456925
1.545780
1.986764
1.426785
3.237400
1.172315
1.637713
518.443021
3.543447
1.962902
2.912462
507.133859
2.029369
2.723233
1.859755
2.959108
468.266115
446.718116
5.299066
1.507085
525.100297
3.554187
3.772488
1.397362
1.466806
1.565908
0.947890
1.159075
1.113200
1.244685
1.759784
1.998134
3.721035
1.116247
2.847810
1.616868
1.747541
2.460457
1.052558
2.143025
480.899233
2.257369
2.050683
5.705393
455.740374
1.392002
482.015752
1.375997
1.323773
3.136928
3.499409
517.988846
1.207300
2.235049
1.378114
2.412251
1.968816
0.874212
3.715774
552.885717
1.339245
1.489488
2.047486
570.356989
2.441613
4.623524
1.645409
1.226881
0.932405
1.266552
1.761079
4.175733
1.400831
1.988317
1.775030
3.136004
5.901754
1.392086
1.419598
2.929456
2.468690
4.279877
2.357052
1.509612
2.364554
3.020147
2.635717
2.273230
2.960778
3.107840
3.436593
2.430297
1.653066
1.917227
3.162956
510.695974
2.129164
1.485527
515.123030
3.272295
1.957850
1.828528
0.941017
2.544900
504.280729
4.970176
398.274214
1.983966
2.012503
3.768714
1.710113
476.614982
2.383891
1.953702
1.448732
1.960618
2.970524
1.101496
1.904820
1.285120
3.145876
0.871143
1.373760
2.137770
3.747537
1.734148
455.354725
4.350095
495.837795
0.633118
2.202140
1.411164
1.104248
2.499747
2.007203
1.370418
0.977052
2.701231
2.432010
1.706982
4.279735
1.079058
0.870182
1.290115
1.750745
421.053337
1.596191
2.112516
0.990418
3.538072
1.720765
3.032430
2.103226
2.219622
2.341338
387.783807
2.423433
3.351612
1.962871
2.500511
1.714611
3.531981
1.299605
452.140735
1.755240
0.910014
1.900448
1.296748
2.660939
1.314279
1.448903
457.709457
1.444719
0.569260
0.846513
2.561981
2.592888
2.187049
1.132916
1.748988
1.785813
1.034984
3.639156
2.707497
1.611550
1.811718
1.973900
0.681881
1.591717
1.296177
1.114526
1.566414
4.181909
2.421282
1.365829
2.344454
1053.317017
1095.929166
962.690200
936.087239
892.953840
916.392075
1335.360069
1126.576397
869.578515
872.064295
1044.033547
1050.866681
1051.036411
970.050304
982.662655
1028.119349
1003.599239
797.436268
972.487567
914.018833
1012.580891
1340.186034
1032.188830
964.398996
1090.870252
1044.119139
1037.620203
1057.131383
1221.607753
888.889091
1043.176381
907.208543
1051.731621
907.905137
954.461410
966.174537
1096.763823
1090.506100
878.765542
1000.504713
927.041719
877.645327
973.728357
964.884631
1267.559082
1038.952672
867.279165
940.529625
1101.760321
1225.501086
849.439011
824.894193
1199.201750
1034.470160
912.480528
1049.542972
764.988447
995.372287
1028.113364
1091.138912
899.323333
1003.578632
907.295106
1020.711270
910.021398
955.344020
900.946780
1061.811647
1083.998466
972.020015
998.839800
861.160735
965.732581
990.066523
1292.337340
890.568397
1151.515020
1099.068319
1023.285668
1185.837876
1032.665017
1034.423212
989.778575
1124.206526
1110.043402
934.833055
872.343642
975.092679
918.714298
988.751911
1125.762916
950.666824
990.795765
1000.813011
1082.915517
795.244711
936.604352
1016.230981
1121.575423
947.391277
825.171676
1058.488434
933.930347
883.692600
934.957264
976.889419
936.787079
798.529517
1088.181979
1129.974804
1061.852506
888.286599
975.237530
994.390119
1056.282196
1063.635436
924.770214
1003.209140
1041.476242
1150.555730
1067.479551
1076.520736
1003.392395
1145.361184
1036.551382
913.136555
1144.551522
1066.776650
952.019842
948.564743
1024.913936
1042.089822
1014.813654
1026.421307
1178.918944
1107.286807
1014.140029
1092.995215
897.653795
1035.328319
1191.848635
973.628430
914.362855
932.373392
892.554657
920.115364
958.933215
864.864557
996.588616
1088.747765
908.895580
1157.862288
1047.050363
1102.771586
931.839167
1083.574042
892.349827
1087.442077
1012.240347
1051.494397
884.933915
910.046496
1056.117188
905.222821
1042.092056
868.186261
1082.887791
879.922869
1051.394624
1059.113632
928.226882
1054.516921
1021.226444
942.965705
899.802619
818.117166
1030.354479
851.235593
1004.545848
969.228893
1064.782167
965.504409
962.868889
1070.397336
1028.855813
1026.917726
1042.722319
853.721244
1073.061227
1057.723990
899.073334
971.103213
991.143333
981.776689
1028.732864
1147.752401
1108.416611
872.955415
1058.737492
1136.084522
1034.180685
1109.435802
1216.224658
1102.016010
1020.092901
1104.368652
1009.522645
997.412549
960.761377
1162.970398
917.030519
1159.374431
1045.909617
865.404857
1032.206089
806.980613
1059.100646
1086.898107
937.945467
1007.375953
1209.194780
946.083848
895.294449
1153.525323
1210.211995
995.404077
1100.670603
1137.506813
924.003919
948.014885
1125.026086
1177.162964
1052.504916
911.432419
1213.170103
943.706354
962.322534
1029.603209
1161.897480
1083.514676
1037.079123
1042.100605
999.365683
1052.007246
773.134548
966.028291
1019.280537
887.106383
1034.130633
974.947706
1185.465941
1164.085346
949.860737
980.177668
987.724433
951.202024
1014.584165
922.548969
888.913307
1058.805215
1059.525596
918.322407
1087.996295
934.282996
1020.485411
1079.885755
991.706518
1041.212451
945.076203
975.726486
974.812708
923.626639
977.645034
852.610957
947.462034
967.159476
969.931877
971.353460
988.925551
1043.781077
1085.737076
932.589530
882.500372
896.801713
947.835503
960.712781
921.471612
874.358726
950.778809
1013.208860
1055.885577
941.219537
954.877467
907.179840
991.921543
914.290373
1053.581281
832.670103
959.974354
1025.377356
1013.452253
1301.683680
1030.369893
900.206622
985.606735
833.469536
987.069231
915.693454
1090.172833
941.959926
983.514673
933.912139
1183.501711
963.657283
1194.616083
1079.218932
1044.054446
1032.317693
1034.901905
820.974608
967.737739
1082.562027
990.195654
864.897096
989.849290
1179.406861
1126.825019
988.901895
1094.101173
959.316014
839.508525
907.381871
1162.909543
968.209931
971.170684
965.717019
1203.176353
1170.248856
1241.538265
979.375516
1024.816708
855.334807
1152.981309
885.624045
1016.787847
891.872077
938.271972
915.309317
936.494584
942.939288
942.079404
1081.285935
891.199728
1017.169875
1123.577620
945.381061
926.270898
972.417240
1119.300583
1014.491328
943.683442
1044.242959
891.428283
1065.017640
1036.431915
964.949535
915.188497
910.808347
1049.562681
1124.813555
933.749134
1041.591180
808.027717
938.669745
991.959166
908.720866
906.292719
930.915215
1024.465950
976.616251
795.931827
805.318153
936.588947
1041.518440
756.507774
946.651817
944.151067
1142.836575
957.545912
1033.786734
1009.157096
804.525966
1074.284155
1016.647984
1046.786835
1472.074053
808.262631
1181.831844
966.911370
1023.969027
990.530052
953.807595
940.055121
1028.286448
855.289490
1072.396771
954.573040
888.961722
951.358274
1127.978576
943.295616
1031.259700
925.067069
1073.182527
1065.458426
1196.530420
977.763063
1063.668786
1004.818777
1132.343963
926.186498
1071.800684
975.898706
988.686462
1004.186005
1020.391272
983.567345
1016.578690
1164.677510
1097.818212
1085.156454
950.833942
910.575798
1094.521575
1085.902763
1152.491033
936.858478
972.511914
844.917816
956.834646
1099.036716
949.795380
1060.683547
976.307084
1027.727402
887.400457
1003.530810
738.344322
976.658421
845.677613
1122.237443
1075.270506
1042.452273
1158.061228
905.171487
1184.507012
1092.001441
971.832443
1114.386993
891.072548
916.474017
936.427844
943.894004
895.504340
1124.152047
969.673133
1030.647947
940.006507
829.789858
1022.206391
822.238178
988.248096
868.084316
1213.196108
1089.734940
1005.589481
1128.716646
914.483071
1050.469948
1015.068598
1021.590976
1129.690620
1070.463687
1024.111501
843.620599
904.167114
982.931794
1004.348281
888.949805
1265.658863
1157.528561
1056.632482
1002.213054
974.195482
904.900476
1002.757415
1020.952482
879.112456
1028.765337
979.745471
822.603033
913.200581
954.819584
1201.203796
1051.840785
870.932112
1044.467941
852.722745
1108.518815
949.356888
985.786478
1135.729111
875.139950
865.593757
938.765107
1103.629752
855.104171
750.146697
951.249526
1051.335984
1121.595874
950.111309
955.027137
1116.420946
825.732494
957.211762
1014.118613
1040.639061
945.700772
998.461556
776.321014
931.800698
1041.084480
902.162774
1000.909003
1040.395540
961.611353
1012.101462
903.924867
974.739602
1057.486344
1010.740367
938.490591
1017.542822
1068.555912
811.022432
1116.997220
962.215320
1038.178804
1121.258624
867.793530
927.054559
966.805167
920.207921
1183.039639
913.529752
941.395713
1015.532307
882.592926
956.528352
1027.050626
962.541171
985.810996
943.860635
855.520164
1027.474850
1185.401777
996.865345
1017.649171
1066.225521
876.698098
1179.219716
1015.323625
1170.937553
924.875456
1192.890027
1075.029000
1051.472252
1018.538838
970.672422
1121.626072
1009.066777
817.754578
890.104847
976.760760
1026.287221
989.436249
1123.691009
819.058146
1009.391753
830.007088
1073.374214
985.705600
1037.570055
912.881998
1130.492278
1103.998149
1054.676583
982.264474
1054.288760
927.290255
1083.685425
1172.997892
1107.183804
925.192002
1031.564620
874.618250
1053.503776
1040.782809
825.726346
886.153878
967.327029
965.618616
881.948057
1034.404590
1020.313227
975.940388
922.778193
1104.767362
1173.691513
948.179855
936.093758
1045.006870
960.127609
981.296891
1071.228619
822.475977
1134.880393
1002.277404
955.020799
986.219441
991.315046
837.222993
1155.053812
999.147486
1039.993947
1094.112141
898.671701
1043.159714
968.823603
1082.736203
804.793978
985.249909
936.966887
1038.880453
1042.803099
927.222426
926.801872
984.113361
909.903769
1082.219301
959.057660
744.567958
958.520653
897.114921
845.609912
879.492593
1005.956145
1136.051376
1026.613383
936.622748
1041.333279
950.497220
928.427962
886.810116
835.502077
957.077815
1010.849314
985.492753
954.594700
905.457800
1057.278560
872.527727
1075.122558
900.371646
923.087183
859.599272
946.493946
1096.708657
1047.555579
1097.048900
1048.236529
891.305787
962.740056
920.534244
1136.270571
883.065023
1087.816397
1087.735687
1194.266167
955.192915
1068.312102
1249.349073
935.582683
853.766540
824.887146
1068.353649
824.628801
958.760004
1039.403939
1013.587830
1038.174136
1017.347293
1130.424719
904.864559
930.059849
921.226832
1080.947082
1088.543762
1040.847377
1119.721417
884.718002
1175.075831
1158.319139
1070.797950
1188.582799
843.474542
944.320581
924.666012
1069.288386
896.077731
1073.136849
1140.808998
1066.489335
1023.603639
901.660821
914.434271
1127.131603
1075.478787
991.171785
954.409738
812.977191
894.228329
1204.050705
875.725730
1014.023116
1100.229425
877.958995
1013.540810
1092.625124
996.278600
1324.654801
842.467506
1105.872294
978.032507
1074.682112
1039.818123
924.864090
1018.028112
826.708327
0.498885
2.464011
1.313378
0.753384
2.277453
3.422822
1.676398
2.805818
3.831225
3.329145
3.881661
588.133259
1.853747
0.839321
1.592556
1.201105
4.988259
1.646234
1.896054
2.321205
1.826081
3.983994
1.333021
1.961097
1.259666
475.317690
1.339890
1.757830
1.460504
1.289802
0.920589
1.719989
459.121999
2.561547
1.859892
0.898576
1.545753
1.253916
2.079957
3.369547
0.737699
1.888743
1.658530
2.456416
1.978394
1.254027
1.538581
1.228198
2.973859
1.806954
4.391458
1.738322
1.280099
0.875050
0.763232
0.846420
2.029442
2.274789
0.847598
2.730198
1.423882
460.437028
3.831121
2.732522
1.575743
1.174207
0.647329
1.273617
541.170196
1.122155
418.151571
1.854989
1.608590
1.315908
530.634213
2.204145
1.068752
3.483622
1.707456
1.804854
2.499579
1.997192
2.806165
2.048704
1.339467
2.121965
1.042166
517.119381
1.760994
1.621360
1.683469
0.735376
1.380393
1.869056
1.929167
1.100893
3.252654
1.188166
2.827883
2.188845
1.318257
4.137940
1.017882
2.761478
2.869768
1.303154
3.453365
1.589562
2.050223
2.022929
1.678886
2.623700
2.602322
0.783176
543.227664
0.815663
2.913428
3.045939
1.068466
1.473315
1.061053
1.616157
1.546611
2.585379
3.321910
3.458620
1.371655
1.620513
0.807632
1.222500
2.821737
3.837210
0.998494
1.352165
1.766680
2.041976
1.220346
2.185607
1.430098
1.776684
2.315509
1.794290
467.213858
1.698589
1.715723
1.501988
1.583005
3.806635
470.415710
1.555810
2.486319
1.527887
3.113467
2.130139
1.700442
2.210167
465.431346
477.614472
1.017744
1.913816
4.055127
5.132529
424.820982
2.266337
0.763983
1.384345
1.232989
481.692863
1.652266
1.431280
0.702291
2.546892
1.077703
551.084938
523.696000
1.158674
0.541353
1.562790
3.009120
4.511641
435.568287
2.261903
1.435871
1.701529
6.238328
0.879503
523.411155
2.231122
2.987629
557.975058
2.069056
1.486714
2.031361
1.521137
2.399341
1.502272
2.137657
472.104585
518.841420
1.745949
0.774164
3.246842
1.166170
1.313570
1.350124
3.424082
432.910138
7.875741
2.945965
1.987801
1.743064
2.047185
558.708374
2.426289
2.325726
431.264696
1.629636
451.788654
1.631508
3.056121
2.367797
0.446013
2.438566
1.961217
1.773115
1.488914
3.042211
2.798738
1.241702
532.508970
1.130413
0.932273
1.330462
577.629009
2.806150
464.599464
2.519591
451.896277
1.321215
424.880806
2.610844
2.554581
477.850193
2.499684
2.111910
2.965643
1.766583
508.896671
1.656233
1.258220
1.300351
1.670808
1.230292
483.247825
434.158971
1.978485
1.789873
1.216039
2.442422
2.785606
0.837106
1.247671
407.718079
1.147497
466.489844
1.632342
1.578735
0.694189
2.415085
0.996181
1.840222
2.039292
3.401867
0.963979
0.429650
1.951157
4.187493
3.211794
1.975091
1.418126
2.619136
503.824659
528.674040
2.271294
450.975175
6.587577
2.153179
1.406565
406.651193
0.775613
1.288407
1.474381
1.396552
1.922343
1.212980
3.037785
502.630805
1.781013
1.532169
1.924920
2.641471
1.187630
470.813232
1.549762
0.947254
1.214793
1.428490
461.079562
2.025070
1.960155
2.673860
578.345119
2.151195
1.703722
2.027751
561.153070
443.314256
1.678910
522.969358
2.770705
475.270023
3.207525
1.865363
1.963608
1.336172
1.540749
521.958379
3.159037
1.674817
1.446164
1.789301
2.376369
0.904409
0.604656
1.379212
491.832967
1.407113
1.668236
1.444076
3.552647
2.087408
2.061665
2.400061
1.044578
2.922478
491.003929
2.455419
1.078154
0.858653
2.632491
496.533280
1.168199
1.186210
3.044112
1.019916
3.886630
1.168989
2.418480
1.531645
2.378594
1.383403
441.964139
1.823768
1.114228
2.538381
1.403744
1.605747
1.118361
0.533220
1.634501
5.591505
2.591424
1.772653
1.579946
447.817753
2.316422
1.024067
3.028173
2.508055
2.511380
2.200540
1.805508
2.458182
546.746196
1.513362
1.364267
1.877029
3.718434
0.996252
0.894353
1.933642
1.832377
1.941496
452.970443
1.609847
3.615963
0.839742
1.209503
499.724918
534.345270
1.646259
3.921295
1.806591
1.994820
525.273797
566.121935
1.498313
1.539554
424.348003
2.328020
1.058173
2.009768
2.263530
3.065344
3.774215
1.107455
1.219623
0.987597
1.601641
2.229716
2.851865
1.725812
1.538004
1.921801
1.205712
4.800083
455.786725
558.515713
4.652887
1.794610
1.635265
549.576551
1.642734
3.421512
0.629226
3.691157
0.912950
1.577141
1.460543
2.362208
0.840845
2.225311
4.654434
0.939543
1.956562
1.308482
2.187493
1.805108
1.321212
2.252491
4.195090
1.634597
452.195289
0.971084
1.138570
2.236095
3.606159
444.360474
525.754424
1.788256
0.990948
2.380086
511.436908
1.444866
1.432665
2.028246
1.455395
1.733835
4.823228
561.919046
1.510291
1.317438
2.542422
1.642088
465.500828
3.339209
3.497920
1.347090
0.740713
2.879180
1.294558
494.558376
0.705348
2.727052
1.009486
2.526347
1.800956
1.139914
1.475946
2.473858
1.880613
2.357592
4.550367
0.854412
3.840165
1.879247
1.170004
0.954241
1.635974
2.764736
1.684256
3.652515
0.901287
1.778668
0.990019
2.124100
2.719706
1.466408
0.522775
1.965123
2.198735
2.165295
3.206997
1.078564
2.466737
3.142105
0.772136
471.770599
1.409747
1.721276
2.108151
1.421081
1.300026
1.817948
1.070345
1.071064
513.010777
1.039674
2.450589
2.225752
550.031339
1.298886
3.144484
1.125347
1.436486
2.225194
2.589938
502.879538
424.216118
3.502495
4.067376
2.840469
1.862422
1.221117
1.208391
2.289655
2.179768
406.066605
2.432296
0.879457
2.940252
1.116402
1.492115
2.013280
4.591883
7.772882
613.041260
1.640559
2.302661
2.720693
1.537408
4.177022
1.994227
2.263019
2.450140
2.183054
2.658800
1.336423
1.374162
1.063839
541.315835
2.584495
2.220691
3.945491
1.784132
2.453403
1.068095
1.489912
2.484656
2.671593
1.556922
1.729363
0.873333
1.511227
2.724201
2.347360
2.266145
1.831413
1.794833
1.309509
2.488521
2.182421
502.500578
1.395268
0.646862
3.003713
1.426725
1.190076
480.407754
1.486458
2.951368
2.394171
2.470648
0.938309
3.171087
2.023817
1.502508
1.914218
0.772994
461.133100
1.100011
0.944216
0.871484
560.145776
1.328863
3.691670
1.388846
0.798558
416.530624
549.401990
1.661851
1.380679
1.929315
2.267341
3.032578
474.988382
473.427794
0.956166
1.471471
2.022889
1.134639
1.138186
512.457039
1.748211
1.816784
1.250167
1.604382
1.156023
2.723963
2.917150
0.747868
1.153144
0.882183
1.315894
1.719719
457.332398
1.157320
1.113296
1.972860
1.848422
1.272064
1.944689
1.381727
1.573419
3.943552
3.369564
0.968195
443.434710
2.624429
1.039935
2.633596
3.699008
1.052646
1.159704
2.893015
2.033634
2.321195
2.101105
2.151430
494.149217
2.933828
3.108273
1.605147
1.752490
0.867890
2.280739
2.343872
1.737066
494.496737
1.527701
2.335636
492.517526
1.769063
1.647426
1.989745
1.502331
1.681137
2.642655
487.007436
0.837494
4.087956
3.435449
0.971548
2.477822
1.410550
532.993118
392.704225
1.601348
1.235332
1.290948
1.160422
1.207604
1.732979
1.275661
2.468878
3.611495
1.360115
2.003039
2.265096
2.235668
1.854203
2.540610
2.246516
0.996932
2.697021
2.720225
1.247341
1.821202
2.470367
1.620443
2.969607
563.891091
1.234037
0.931645
2.064924
2.515389
1.604029
447.668076
0.950510
2.481583
1.343635
4.030040
4.585051
1.245356
1.379851
2.684859
1.489890
1.750890
1.810437
541.546800
1.777199
1.291444
1.417130
3.537851
0.988097
2.626673
495.173220
1.567406
2.598494
2.100571