0.022619
0.016758
0.024291
0.036731
0.016015
158.229187
0.037718
0.025705
0.014330
0.023114
0.014372
0.014356
0.020055
0.007245
0.007920
0.013716
160.926186
0.020751
0.011649
0.009180
0.035748
0.016079
146.183860
125.401860
0.013832
0.018851
0.010386
0.021362
0.013470
0.015586
138.095376
0.042912
0.017775
0.010854
0.026383
162.295335
159.734651
155.012588
0.009552
0.019632
0.025356
0.019397
0.016938
0.015517
0.008897
0.012732
152.617027
0.029474
0.021041
163.973454
0.020848
0.014913
147.896444
0.023882
159.445264
0.027773
0.012034
0.015458
0.020919
131.006670
0.014265
145.252474
0.010607
0.010166
0.026258
181.274042
0.017290
0.028738
0.021221
0.013189
0.021219
0.036992
0.017588
0.037460
0.005190
0.026375
0.018639
0.015532
0.018681
160.955587
0.016125
0.021176
0.035956
0.014004
0.012210
0.014114
0.027566
0.020894
0.013928
0.022797
165.510185
0.028268
0.012839
0.015323
132.984980
176.828645
0.020574
0.020236
0.017932
159.983948
0.009167
122.877598
0.015215
0.012246
0.016576
0.021650
0.043604
0.019426
0.020203
0.017270
0.007227
0.017666
0.018405
0.057268
160.104705
0.020627
0.017598
0.010300
0.030692
0.025517
0.025993
0.011642
0.034703
165.800827
0.023603
0.050345
0.011204
0.013690
0.018751
0.014102
0.008599
0.018477
149.738849
0.022373
0.011587
152.270150
0.012356
119.626807
0.026271
0.010001
166.234123
156.805735
0.008371
0.019519
0.020225
0.025880
152.615234
0.009587
0.022890
0.020583
0.020136
0.021069
0.012974
0.019963
0.020545
0.012765
0.043186
0.022376
0.010190
143.080241
0.011288
0.025945
161.976097
0.012140
0.028198
0.021740
0.026377
0.043823
0.015931
0.012530
0.011751
0.012168
0.017249
140.737352
0.020386
0.026441
0.017999
0.035544
0.015786
0.064658
0.024040
0.011932
0.010786
144.328010
0.016096
0.025064
0.022370
0.017284
0.011991
0.008746
0.014487
0.026808
0.019792
0.009931
0.019413
169.647472
0.011783
0.019236
0.018387
0.010425
132.494102
156.467189
151.901958
0.029428
0.009331
0.011486
0.022816
0.022802
0.022816
0.110401
0.023426
0.030587
0.028073
0.024334
0.015413
0.025602
0.012417
0.015995
0.014223
0.018594
0.053387
0.007405
155.260431
0.008351
145.046157
0.029921
158.326171
0.010752
0.012759
160.560959
137.910490
0.019814
0.018278
0.013149
140.631863
0.024134
0.006872
0.019536
179.493050
0.026758
0.012302
0.016945
0.022708
0.026927
0.010147
0.015274
0.014294
0.013138
0.041187
0.021660
0.009861
162.571410
0.048746
0.029133
0.008727
0.014231
0.032545
0.012805
0.022061
0.025792
0.011546
169.374133
0.003869
153.717223
0.015877
0.009922
0.038678
0.009103
132.489694
0.019028
0.035339
0.009078
0.030989
0.017975
0.011252
0.022252
143.633018
0.013472
0.018488
0.014912
0.018874
0.024458
0.037840
0.009969
0.048997
0.007114
0.016651
152.312326
0.020428
141.658216
0.016214
0.014172
0.013541
0.026722
0.021175
0.012895
0.027361
0.020683
0.026262
0.024085
0.012092
0.013729
147.403513
0.023867
0.017713
0.018908
0.032711
0.013527
0.023164
0.016259
157.121668
155.074910
0.026419
0.026271
0.033143
159.377068
0.024688
0.015450
149.275317
133.461702
0.018727
0.023696
0.012154
0.048065
0.011122
0.010080
0.030915
0.026001
0.024022
0.024070
0.017785
161.002962
0.018541
0.012991
168.159163
0.016688
0.012112
0.015369
0.021741
0.013706
0.012131
0.020071
0.020083
0.014079
0.014320
183.999382
0.009026
0.009201
154.163465
0.016173
0.020719
0.035913
140.606495
158.550026
0.017729
0.011140
0.017733
0.015608
0.020834
136.431824
135.434776
0.036899
0.016993
0.021627
157.702681
0.014800
0.019886
0.017995
0.018733
0.012416
167.029521
0.022633
0.035504
0.028143
0.049466
0.012449
0.027011
0.019507
0.050329
0.012211
0.012031
0.013477
0.006559
0.013955
154.564275
0.019206
0.021023
120.208999
154.145709
0.013621
0.011702
0.022568
0.009588
0.042492
130.352970
0.014333
0.007964
0.033910
152.254420
127.854730
0.008423
0.013478
155.605560
0.018290
0.014462
121.490113
147.667086
0.016725
152.231530
0.022809
0.025036
142.237391
0.008667
146.352327
0.020929
0.012561
0.037222
151.613399
0.031226
0.018468
0.047352
0.040991
142.065278
0.028307
0.024265
0.034147
0.011340
0.024735
0.029493
130.360538
0.010229
140.734262
0.015751
0.025106
0.036374
0.018526
0.038609
0.009321
0.008001
0.017425
0.021447
0.017614
0.006737
0.017151
154.466921
0.024545
0.021271
0.011475
0.014033
0.010846
0.017367
0.028088
156.939471
133.849973
0.013925
0.012300
0.017007
0.010970
0.013772
0.010158
0.045253
134.056310
0.012854
0.019791
166.099428
139.571747
0.023910
0.025585
0.013923
0.013628
0.015709
0.006030
130.418116
0.034119
130.339234
0.015903
0.023489
0.020722
0.076598
0.030357
0.016840
0.011391
153.616792
140.865103
0.012514
0.009137
0.013180
0.010732
156.787819
159.734494
0.017821
0.035991
0.018554
0.011909
0.036732
0.023075
136.265612
0.016350
0.011829
0.009309
0.027707
0.044086
0.009240
0.023338
141.135931
0.014212
0.013522
0.011894
0.018303
151.573564
123.034701
0.017469
0.015979
0.011652
0.013622
0.025559
0.022664
0.011273
0.018748
0.025511
0.008130
0.023123
0.013081
0.023423
0.012474
0.007626
0.008292
0.018300
0.020224
0.011670
0.024187
0.008160
0.017339
0.010096
0.013148
0.018294
0.011914
0.014917
152.674335
0.013621
0.026547
0.010491
0.022976
0.035344
0.005566
0.012277
0.023494
0.016252
0.021317
0.013448
0.018635
128.717938
0.031056
0.020173
0.020981
0.014726
0.014208
0.014583
0.021553
0.014663
0.020513
0.047681
0.026995
137.469758
149.964360
0.014752
0.006830
0.011111
0.007392
0.015152
0.018045
0.039491
0.020876
0.016130
0.026469
0.006294
0.019995
0.025747
0.008897
0.030706
153.650033
0.014702
0.024121
0.052289
0.019493
0.020114
162.412234
0.011974
0.026480
0.011938
0.018504
0.014275
0.022430
0.020942
0.029203
0.014059
0.015747
0.011266
0.014502
0.021379
0.025578
133.378490
0.026976
137.188362
0.021747
0.043411
0.012412
0.009936
0.007721
0.036265
0.024368
0.017425
151.442727
0.010512
0.056797
0.019015
0.018837
0.025204
166.180937
0.019884
0.012314
0.022351
0.043519
0.033775
0.037968
163.283755
0.011209
0.016857
0.018366
0.029995
0.008042
0.036844
0.016602
0.014622
0.011090
0.008186
0.026391
0.018519
0.009726
0.009703
0.015265
128.361143
0.015824
0.008794
0.015928
0.015726
153.263058
0.017436
0.016040
0.024854
152.045956
0.030457
0.015755
0.010606
141.343306
154.774108
0.018007
0.017686
0.019643
0.016709
0.013642
0.013816
0.017614
0.013839
0.012774
0.018811
0.015859
164.470022
0.005114
0.029957
146.630026
0.006718
0.015215
0.015010
0.009201
0.012388
139.830767
0.040931
0.027831
0.032617
0.025155
0.010494
0.013963
156.690024
0.010043
0.025052
163.754773
0.014986
140.894552
0.022066
0.015084
0.030932
0.010735
0.023930
0.023673
0.015455
0.020868
0.009906
0.027678
0.016392
172.044902
0.029362
126.464903
0.009197
0.008575
0.023818
133.930997
0.040980
0.006691
0.039866
145.592974
0.017090
0.013829
0.021600
0.017573
0.030125
0.018880
0.019205
0.015065
0.017414
0.020688
0.007975
0.009462
0.025413
0.019392
0.016399
0.018045
0.021081
0.013863
0.012385
0.019622
0.011268
128.165588
0.008004
0.029088
0.022363
0.020188
0.028456
0.039287
0.028885
182.976792
0.009774
0.013317
0.018110
136.430721
140.647213
0.019538
0.012520
163.947177
0.009204
0.011566
0.009447
0.011282
0.029426
143.391770
0.062032
0.022583
148.223933
0.011926
143.168304
153.571981
0.018950
0.059949
0.017095
0.030786
149.662787
167.789895
0.041291
0.013303
0.042112
0.024990
0.013715
0.024117
162.887403
0.023996
0.008520
0.012688
0.015915
0.017270
0.023983
0.019455
0.009520
0.021408
0.023869
0.023303
0.029806
142.545013
0.022222
0.017305
0.008163
0.021914
0.019733
0.020337
0.009787
0.010735
135.956250
0.017557
0.024682
0.018129
0.018142
0.027865
0.014019
0.018720
0.014379
0.014569
0.015458
0.019868
0.014268
0.032374
0.011723
0.016377
155.532906
0.035434
0.019629
0.029125
152.140158
0.020294
0.027232
0.018598
0.029591
140.479834
134.015435
0.052991
0.015071
157.530089
0.035542
0.037725
0.013974
0.014668
0.015659
0.009479
0.011591
0.011132
0.012447
0.017598
0.019981
0.037210
0.011162
0.028478
0.016169
0.017475
0.024605
0.010526
0.021430
144.269770
0.022574
0.020507
0.057054
136.722112
0.013920
144.604726
0.013760
0.013238
0.031369
0.034994
155.396654
0.012073
0.022350
0.013781
0.024123
0.019688
0.008742
0.037158
165.865715
0.013392
0.014895
0.020475
171.107097
0.024416
0.046235
0.016454
0.012269
0.009324
0.012666
0.017611
0.041757
0.014008
0.019883
0.017750
0.031360
0.059018
0.013921
0.014196
0.029295
0.024687
0.042799
0.023571
0.015096
0.023646
0.030201
0.026357
0.022732
0.029608
0.031078
0.034366
0.024303
0.016531
0.019172
0.031630
153.208792
0.021292
0.014855
154.536909
0.032723
0.019578
0.018285
0.009410
0.025449
151.284219
0.049702
119.482264
0.019840
0.020125
0.037687
0.017101
142.984495
0.023839
0.019537
0.014487
0.019606
0.029705
0.011015
0.019048
0.012851
0.031459
0.008711
0.013738
0.021378
0.037475
0.017341
136.606417
0.043501
148.751338
0.006331
0.022021
0.014112
0.011042
0.024997
0.020072
0.013704
0.009771
0.027012
0.024320
0.017070
0.042797
0.010791
0.008702
0.012901
0.017507
126.316001
0.015962
0.021125
0.009904
0.035381
0.017208
0.030324
0.021032
0.022196
0.023413
116.335142
0.024234
0.033516
0.019629
0.025005
0.017146
0.035320
0.012996
135.642221
0.017552
0.009100
0.019004
0.012967
0.026609
0.013143
0.014489
137.312837
0.014447
0.005693
0.008465
0.025620
0.025929
0.021870
0.011329
0.017490
0.017858
0.010350
0.036392
0.027075
0.016115
0.018117
0.019739
0.006819
0.015917
0.012962
0.011145
0.015664
0.041819
0.024213
0.013658
0.023445
526.658508
547.964583
481.345100
468.043619
446.476920
458.196038
667.680035
563.288199
434.789257
436.032147
522.016774
525.433341
525.518206
485.025152
491.331328
514.059674
501.799620
398.718134
486.243784
457.009417
506.290446
670.093017
516.094415
482.199498
545.435126
522.059569
518.810102
528.565692
610.803876
444.444546
521.588191
453.604271
525.865810
453.952568
477.230705
483.087268
548.381912
545.253050
439.382771
500.252357
463.520859
438.822663
486.864179
482.442315
633.779541
519.476336
433.639583
470.264812
550.880160
612.750543
424.719506
412.447097
599.600875
517.235080
456.240264
524.771486
382.494223
497.686143
514.056682
545.569456
449.661667
501.789316
453.647553
510.355635
455.010699
477.672010
450.473390
530.905824
541.999233
486.010008
499.419900
430.580368
482.866291
495.033261
646.168670
445.284198
575.757510
549.534159
511.642834
592.918938
516.332509
517.211606
494.889288
562.103263
555.021701
467.416527
436.171821
487.546340
459.357149
494.375955
562.881458
475.333412
495.397883
500.406505
541.457758
397.622356
468.302176
508.115491
560.787712
473.695638
412.585838
529.244217
466.965174
441.846300
467.478632
488.444709
468.393540
399.264759
544.090989
564.987402
530.926253
444.143300
487.618765
497.195060
528.141098
531.817718
462.385107
501.604570
520.738121
575.277865
533.739775
538.260368
501.696197
572.680592
518.275691
456.568277
572.275761
533.388325
476.009921
474.282371
512.456968
521.044911
507.406827
513.210654
589.459472
553.643404
507.070014
546.497607
448.826898
517.664160
595.924318
486.814215
457.181427
466.186696
446.277329
460.057682
479.466608
432.432278
498.294308
544.373882
454.447790
578.931144
523.525181
551.385793
465.919583
541.787021
446.174913
543.721039
506.120174
525.747199
442.466958
455.023248
528.058594
452.611411
521.046028
434.093131
541.443895
439.961435
525.697312
529.556816
464.113441
527.258461
510.613222
471.482852
449.901310
409.058583
515.177239
425.617796
502.272924
484.614446
532.391083
482.752205
481.434444
535.198668
514.427907
513.458863
521.361160
426.860622
536.530613
528.861995
449.536667
485.551606
495.571667
490.888345
514.366432
573.876201
554.208306
436.477708
529.368746
568.042261
517.090343
554.717901
608.112329
551.008005
510.046450
552.184326
504.761323
498.706274
480.380688
581.485199
458.515260
579.687216
522.954808
432.702429
516.103045
403.490307
529.550323
543.449053
468.972734
503.687976
604.597390
473.041924
447.647224
576.762662
605.105998
497.702038
550.335301
568.753407
462.001959
474.007443
562.513043
588.581482
526.252458
455.716209
606.585051
471.853177
481.161267
514.801605
580.948740
541.757338
518.539562
521.050303
499.682841
526.003623
386.567274
483.014146
509.640268
443.553191
517.065316
487.473853
592.732971
582.042673
474.930369
490.088834
493.862216
475.601012
507.292083
461.274484
444.456653
529.402608
529.762798
459.161203
543.998148
467.141498
510.242706
539.942878
495.853259
520.606225
472.538101
487.863243
487.406354
461.813319
488.822517
426.305478
473.731017
483.579738
484.965938
485.676730
494.462775
521.890538
542.868538
466.294765
441.250186
448.400856
473.917751
480.356390
460.735806
437.179363
475.389404
506.604430
527.942788
470.609769
477.438733
453.589920
495.960771
457.145187
526.790641
416.335051
479.987177
512.688678
506.726127
650.841840
515.184947
450.103311
492.803368
416.734768
493.534616
457.846727
545.086416
470.979963
491.757336
466.956069
591.750856
481.828641
597.308042
539.609466
522.027223
516.158847
517.450953
410.487304
483.868870
541.281014
495.097827
432.448548
494.924645
589.703431
563.412510
494.450947
547.050587
479.658007
419.754262
453.690935
581.454772
484.104966
485.585342
482.858509
601.588177
585.124428
620.769133
489.687758
512.408354
427.667403
576.490654
442.812023
508.393924
445.936038
469.135986
457.654659
468.247292
471.469644
471.039702
540.642967
445.599864
508.584938
561.788810
472.690531
463.135449
486.208620
559.650292
507.245664
471.841721
522.121479
445.714142
532.508820
518.215957
482.474767
457.594249
455.404174
524.781341
562.406777
466.874567
520.795590
404.013858
469.334873
495.979583
454.360433
453.146359
465.457608
512.232975
488.308126
397.965913
402.659077
468.294474
520.759220
378.253887
473.325909
472.075534
571.418287
478.772956
516.893367
504.578548
402.262983
537.142078
508.323992
523.393417
736.037027
404.131316
590.915922
483.455685
511.984514
495.265026
476.903797
470.027560
514.143224
427.644745
536.198385
477.286520
444.480861
475.679137
563.989288
471.647808
515.629850
462.533534
536.591264
532.729213
598.265210
488.881532
531.834393
502.409388
566.171982
463.093249
535.900342
487.949353
494.343231
502.093003
510.195636
491.783672
508.289345
582.338755
548.909106
542.578227
475.416971
455.287899
547.260788
542.951381
576.245517
468.429239
486.255957
422.458908
478.417323
549.518358
474.897690
530.341773
488.153542
513.863701
443.700228
501.765405
369.172161
488.329210
422.838806
561.118722
537.635253
521.226137
579.030614
452.585744
592.253506
546.000721
485.916221
557.193497
445.536274
458.237009
468.213922
471.947002
447.752170
562.076024
484.836567
515.323974
470.003253
414.894929
511.103195
411.119089
494.124048
434.042158
606.598054
544.867470
502.794740
564.358323
457.241536
525.234974
507.534299
510.795488
564.845310
535.231844
512.055750
421.810299
452.083557
491.465897
502.174140
444.474903
632.829432
578.764280
528.316241
501.106527
487.097741
452.450238
501.378708
510.476241
439.556228
514.382669
489.872736
411.301517
456.600291
477.409792
600.601898
525.920392
435.466056
522.233970
426.361372
554.259408
474.678444
492.893239
567.864556
437.569975
432.796878
469.382554
551.814876
427.552085
375.073348
475.624763
525.667992
560.797937
475.055654
477.513569
558.210473
412.866247
478.605881
507.059307
520.319531
472.850386
499.230778
388.160507
465.900349
520.542240
451.081387
500.454501
520.197770
480.805676
506.050731
451.962433
487.369801
528.743172
505.370183
469.245296
508.771411
534.277956
405.511216
558.498610
481.107660
519.089402
560.629312
433.896765
463.527279
483.402583
460.103960
591.519820
456.764876
470.697856
507.766153
441.296463
478.264176
513.525313
481.270586
492.905498
471.930318
427.760082
513.737425
592.700888
498.432673
508.824586
533.112760
438.349049
589.609858
507.661813
585.468777
462.437728
596.445013
537.514500
525.736126
509.269419
485.336211
560.813036
504.533388
408.877289
445.052423
488.380380
513.143611
494.718125
561.845504
409.529073
504.695876
415.003544
536.687107
492.852800
518.785027
456.440999
565.246139
551.999074
527.338292
491.132237
527.144380
463.645128
541.842712
586.498946
553.591902
462.596001
515.782310
437.309125
526.751888
520.391405
412.863173
443.076939
483.663515
482.809308
440.974029
517.202295
510.156613
487.970194
461.389097
552.383681
586.845756
474.089928
468.046879
522.503435
480.063804
490.648446
535.614309
411.237989
567.440196
501.138702
477.510399
493.109721
495.657523
418.611497
577.526906
499.573743
519.996974
547.056070
449.335850
521.579857
484.411801
541.368101
402.396989
492.624955
468.483444
519.440226
521.401549
463.611213
463.400936
492.056680
454.951884
541.109650
479.528830
372.283979
479.260326
448.557460
422.804956
439.746296
502.978072
568.025688
513.306691
468.311374
520.666640
475.248610
464.213981
443.405058
417.751038
478.538907
505.424657
492.746376
477.297350
452.728900
528.639280
436.263864
537.561279
450.185823
461.543592
429.799636
473.246973
548.354328
523.777789
548.524450
524.118264
445.652893
481.370028
460.267122
568.135286
441.532511
543.908198
543.867844
597.133084
477.596457
534.156051
624.674537
467.791341
426.883270
412.443573
534.176825
412.314401
479.380002
519.701969
506.793915
519.087068
508.673647
565.212360
452.432279
465.029925
460.613416
540.473541
544.271881
520.423689
559.860709
442.359001
587.537915
579.159569
535.398975
594.291400
421.737271
472.160290
462.333006
534.644193
448.038865
536.568425
570.404499
533.244668
511.801820
450.830410
457.217135
563.565802
537.739394
495.585892
477.204869
406.488595
447.114165
602.025352
437.862865
507.011558
550.114712
438.979497
506.770405
546.312562
498.139300
662.327400
421.233753
552.936147
489.016254
537.341056
519.909062
462.432045
509.014056
413.354163
0.004989
0.024640
0.013134
0.007534
0.022775
0.034228
0.016764
0.028058
0.038312
0.033291
0.038817
176.439978
0.018537
0.008393
0.015926
0.012011
0.049883
0.016462
0.018961
0.023212
0.018261
0.039840
0.013330
0.019611
0.012597
142.595307
0.013399
0.017578
0.014605
0.012898
0.009206
0.017200
137.736600
0.025615
0.018599
0.008986
0.015458
0.012539
0.020800
0.033695
0.007377
0.018887
0.016585
0.024564
0.019784
0.012540
0.015386
0.012282
0.029739
0.018070
0.043915
0.017383
0.012801
0.008751
0.007632
0.008464
0.020294
0.022748
0.008476
0.027302
0.014239
138.131108
0.038311
0.027325
0.015757
0.011742
0.006473
0.012736
162.351059
0.011222
125.445471
0.018550
0.016086
0.013159
159.190264
0.022041
0.010688
0.034836
0.017075
0.018049
0.024996
0.019972
0.028062
0.020487
0.013395
0.021220
0.010422
155.135814
0.017610
0.016214
0.016835
0.007354
0.013804
0.018691
0.019292
0.011009
0.032527
0.011882
0.028279
0.021888
0.013183
0.041379
0.010179
0.027615
0.028698
0.013032
0.034534
0.015896
0.020502
0.020229
0.016789
0.026237
0.026023
0.007832
162.968299
0.008157
0.029134
0.030459
0.010685
0.014733
0.010611
0.016162
0.015466
0.025854
0.033219
0.034586
0.013717
0.016205
0.008076
0.012225
0.028217
0.038372
0.009985
0.013522
0.017667
0.020420
0.012203
0.021856
0.014301
0.017767
0.023155
0.017943
140.164158
0.016986
0.017157
0.015020
0.015830
0.038066
141.124713
0.015558
0.024863
0.015279
0.031135
0.021301
0.017004
0.022102
139.629404
143.284341
0.010177
0.019138
0.040551
0.051325
127.446295
0.022663
0.007640
0.013843
0.012330
144.507859
0.016523
0.014313
0.007023
0.025469
0.010777
165.325481
157.108800
0.011587
0.005414
0.015628
0.030091
0.045116
130.670486
0.022619
0.014359
0.017015
0.062383
0.008795
157.023346
0.022311
0.029876
167.392518
0.020691
0.014867
0.020314
0.015211
0.023993
0.015023
0.021377
141.631376
155.652426
0.017459
0.007742
0.032468
0.011662
0.013136
0.013501
0.034241
129.873042
0.078757
0.029460
0.019878
0.017431
0.020472
167.612512
0.024263
0.023257
129.379409
0.016296
135.536596
0.016315
0.030561
0.023678
0.004460
0.024386
0.019612
0.017731
0.014889
0.030422
0.027987
0.012417
159.752691
0.011304
0.009323
0.013305
173.288703
0.028061
139.379839
0.025196
135.568883
0.013212
127.464242
0.026108
0.025546
143.355058
0.024997
0.021119
0.029656
0.017666
152.669001
0.016562
0.012582
0.013004
0.016708
0.012303
144.974347
130.247691
0.019785
0.017899
0.012160
0.024424
0.027856
0.008371
0.012477
122.315424
0.011475
139.946953
0.016323
0.015787
0.006942
0.024151
0.009962
0.018402
0.020393
0.034019
0.009640
0.004297
0.019512
0.041875
0.032118
0.019751
0.014181
0.026191
151.147398
158.602212
0.022713
135.292553
0.065876
0.021532
0.014066
121.995358
0.007756
0.012884
0.014744
0.013966
0.019223
0.012130
0.030378
150.789241
0.017810
0.015322
0.019249
0.026415
0.011876
141.243970
0.015498
0.009473
0.012148
0.014285
138.323869
0.020251
0.019602
0.026739
173.503536
0.021512
0.017037
0.020278
168.345921
132.994277
0.016789
156.890807
0.027707
142.581007
0.032075
0.018654
0.019636
0.013362
0.015407
156.587514
0.031590
0.016748
0.014462
0.017893
0.023764
0.009044
0.006047
0.013792
147.549890
0.014071
0.016682
0.014441
0.035526
0.020874
0.020617
0.024001
0.010446
0.029225
147.301179
0.024554
0.010782
0.008587
0.026325
148.959984
0.011682
0.011862
0.030441
0.010199
0.038866
0.011690
0.024185
0.015316
0.023786
0.013834
132.589242
0.018238
0.011142
0.025384
0.014037
0.016057
0.011184
0.005332
0.016345
0.055915
0.025914
0.017727
0.015799
134.345326
0.023164
0.010241
0.030282
0.025081
0.025114
0.022005
0.018055
0.024582
164.023859
0.015134
0.013643
0.018770
0.037184
0.009963
0.008944
0.019336
0.018324
0.019415
135.891133
0.016098
0.036160
0.008397
0.012095
149.917475
160.303581
0.016463
0.039213
0.018066
0.019948
157.582139
169.836580
0.014983
0.015396
127.304401
0.023280
0.010582
0.020098
0.022635
0.030653
0.037742
0.011075
0.012196
0.009876
0.016016
0.022297
0.028519
0.017258
0.015380
0.019218
0.012057
0.048001
136.736018
167.554714
0.046529
0.017946
0.016353
164.872965
0.016427
0.034215
0.006292
0.036912
0.009129
0.015771
0.014605
0.023622
0.008408
0.022253
0.046544
0.009395
0.019566
0.013085
0.021875
0.018051
0.013212
0.022525
0.041951
0.016346
135.658587
0.009711
0.011386
0.022361
0.036062
133.308142
157.726327
0.017883
0.009909
0.023801
153.431072
0.014449
0.014327
0.020282
0.014554
0.017338
0.048232
168.575714
0.015103
0.013174
0.025424
0.016421
139.650249
0.033392
0.034979
0.013471
0.007407
0.028792
0.012946
148.367513
0.007053
0.027271
0.010095
0.025263
0.018010
0.011399
0.014759
0.024739
0.018806
0.023576
0.045504
0.008544
0.038402
0.018792
0.011700
0.009542
0.016360
0.027647
0.016843
0.036525
0.009013
0.017787
0.009900
0.021241
0.027197
0.014664
0.005228
0.019651
0.021987
0.021653
0.032070
0.010786
0.024667
0.031421
0.007721
141.531180
0.014097
0.017213
0.021082
0.014211
0.013000
0.018179
0.010703
0.010711
153.903233
0.010397
0.024506
0.022258
165.009402
0.012989
0.031445
0.011253
0.014365
0.022252
0.025899
150.863861
127.264835
0.035025
0.040674
0.028405
0.018624
0.012211
0.012084
0.022897
0.021798
121.819982
0.024323
0.008795
0.029403
0.011164
0.014921
0.020133
0.045919
0.077729
183.912378
0.016406
0.023027
0.027207
0.015374
0.041770
0.019942
0.022630
0.024501
0.021831
0.026588
0.013364
0.013742
0.010638
162.394751
0.025845
0.022207
0.039455
0.017841
0.024534
0.010681
0.014899
0.024847
0.026716
0.015569
0.017294
0.008733
0.015112
0.027242
0.023474
0.022661
0.018314
0.017948
0.013095
0.024885
0.021824
150.750174
0.013953
0.006469
0.030037
0.014267
0.011901
144.122326
0.014865
0.029514
0.023942
0.024706
0.009383
0.031711
0.020238
0.015025
0.019142
0.007730
138.339930
0.011000
0.009442
0.008715
168.043733
0.013289
0.036917
0.013888
0.007986
124.959187
164.820597
0.016619
0.013807
0.019293
0.022673
0.030326
142.496515
142.028338
0.009562
0.014715
0.020229
0.011346
0.011382
153.737112
0.017482
0.018168
0.012502
0.016044
0.011560
0.027240
0.029172
0.007479
0.011531
0.008822
0.013159
0.017197
137.199719
0.011573
0.011133
0.019729
0.018484
0.012721
0.019447
0.013817
0.015734
0.039436
0.033696
0.009682
133.030413
0.026244
0.010399
0.026336
0.036990
0.010526
0.011597
0.028930
0.020336
0.023212
0.021011
0.021514
148.244765
0.029338
0.031083
0.016051
0.017525
0.008679
0.022807
0.023439
0.017371
148.349021
0.015277
0.023356
147.755258
0.017691
0.016474
0.019897
0.015023
0.016811
0.026427
146.102231
0.008375
0.040880
0.034354
0.009715
0.024778
0.014106
159.897935
117.811268
0.016013
0.012353
0.012909
0.011604
0.012076
0.017330
0.012757
0.024689
0.036115
0.013601
0.020030
0.022651
0.022357
0.018542
0.025406
0.022465
0.009969
0.026970
0.027202
0.012473
0.018212
0.024704
0.016204
0.029696
169.167327
0.012340
0.009316
0.020649
0.025154
0.016040
134.300423
0.009505
0.024816
0.013436
0.040300
0.045851
0.012454
0.013799
0.026849
0.014899
0.017509
0.018104
162.464040
0.017772
0.012914
0.014171
0.035379
0.009881
0.026267
148.551966
0.015674
0.025985
0.021006
